2 Segment_2 0 255 0 255
3 Segment_3 0 0 255 255
4 Segment_4 255 255 0 255
5 Segment_5 0 255 255 255
6 Segment_6 255 0 255 255
7 Segment_7 255 239 213 255
8 Segment_8 0 0 205 255
9 Segment_9 205 133 63 255
10 Segment_10 210 180 140 255
11 Segment_11 102 205 170 255
13 Segment_13 0 139 139 255
14 Segment_14 46 139 87 255
15 Segment_15 255 228 225 255
16 Segment_16 106 90 205 255
17 Segment_17 221 160 221 255
18 Segment_18 233 150 122 255
19 Segment_19 165 42 42 255
20 Segment_20 255 250 250 255
21 Segment_21 147 112 219 255
23 Segment_23 75 0 130 255
24 Segment_24 255 182 193 255
25 Segment_25 60 179 113 255
26 Segment_26 255 235 205 255
27 Segment_27 255 228 196 255
28 Segment_28 218 165 32 255
29 Segment_29 0 128 128 255
30 Segment_30 188 143 143 255
31 Segment_31 255 105 180 255
32 Segment_32 255 218 185 255
33 Segment_33 222 184 135 255
34 Segment_34 127 255 0 255
35 Segment_35 139 69 19 255
37 Segment_37 255 255 224 255
38 Segment_38 70 130 180 255
39 Segment_39 0 100 0 255
41 Segment_41 238 232 170 255
42 Segment_42 240 255 240 255
43 Segment_43 245 222 179 255
44 Segment_44 184 134 11 255
45 Segment_45 32 178 170 255
46 Segment_46 255 20 147 255
47 Segment_47 25 25 112 255
48 Segment_48 112 128 144 255
49 Segment_49 34 139 34 255
50 Segment_50 248 248 255 255
51 Segment_51 245 255 250 255
52 Segment_52 255 160 122 255
53 Segment_53 144 238 144 255
54 Segment_54 173 255 47 255
55 Segment_55 65 105 225 255
56 Segment_56 255 99 71 255
57 Segment_57 250 240 230 255
58 Segment_58 128 0 0 255
59 Segment_59 50 205 50 255
60 Segment_60 244 164 96 255
61 Segment_61 255 255 240 255
62 Segment_62 123 104 238 255
63 Segment_63 255 165 0 255
64 Segment_64 173 216 230 255
65 Segment_65 255 192 203 255
66 Segment_66 127 255 212 255
67 Segment_67 255 140 0 255
68 Segment_68 143 188 143 255
69 Segment_69 220 20 60 255
70 Segment_70 253 245 230 255
71 Segment_71 255 250 240 255
72 Segment_72 0 206 209 255
73 Segment_73 0 255 127 255
74 Segment_74 128 0 128 255
75 Segment_75 255 250 205 255
76 Segment_76 250 128 114 255
77 Segment_77 148 0 211 255
78 Segment_78 178 34 34 255
79 Segment_79 255 127 80 255
80 Segment_80 135 206 235 255
81 Segment_81 100 149 237 255
82 Segment_82 240 230 140 255
83 Segment_83 250 235 215 255
84 Segment_84 255 245 238 255
85 Segment_85 107 142 35 255
86 Segment_86 135 206 250 255
87 Segment_87 0 0 139 255
88 Segment_88 139 0 139 255
89 Segment_89 245 245 220 255
90 Segment_90 186 85 211 255
91 Segment_91 255 228 181 255
92 Segment_92 255 222 173 255
93 Segment_93 0 191 255 255
94 Segment_94 210 105 30 255
95 Segment_95 255 248 220 255
96 Segment_96 47 79 79 255
97 Segment_97 72 61 139 255
98 Segment_98 175 238 238 255
99 Segment_99 128 128 0 255
100 Segment_100 176 224 230 255
101 Segment_101 255 240 245 255
102 Segment_102 139 0 0 255
103 Segment_103 240 255 255 255
104 Segment_104 255 215 0 255
106 Segment_106 119 136 153 255
107 Segment_107 219 112 147 255
108 Segment_108 72 209 204 255
109 Segment_109 255 0 255 255
110 Segment_110 199 21 133 255
111 Segment_111 154 205 50 255
112 Segment_112 189 183 107 255
113 Segment_113 240 248 255 255
114 Segment_114 230 230 250 255
115 Segment_115 0 250 154 255
116 Segment_116 85 107 47 255
117 Segment_117 64 224 208 255
118 Segment_118 153 50 204 255
119 Segment_119 205 92 92 255
120 Segment_120 250 250 210 255
121 Segment_121 95 158 160 255
122 Segment_122 0 128 0 255
123 Segment_123 255 69 0 255
124 Segment_124 224 255 255 255
125 Segment_125 176 196 222 255
126 Segment_126 138 43 226 255
127 Segment_127 30 144 255 255
128 Segment_128 240 128 128 255
129 Segment_129 152 251 152 255
130 Segment_130 160 82 45 255
131 Segment_131 255 0 0 255
132 Segment_132 0 255 0 255
133 Segment_133 0 0 255 255
134 Segment_134 255 255 0 255
135 Segment_135 0 255 255 255
136 Segment_136 255 0 255 255
137 Segment_137 255 239 213 255
138 Segment_138 0 0 205 255
139 Segment_139 205 133 63 255
140 Segment_140 210 180 140 255
141 Segment_141 102 205 170 255
142 Segment_142 0 0 128 255
143 Segment_143 0 139 139 255
144 Segment_144 46 139 87 255
145 Segment_145 255 228 225 255
146 Segment_146 106 90 205 255
147 Segment_147 221 160 221 255
148 Segment_148 233 150 122 255
149 Segment_149 165 42 42 255
150 Segment_150 255 250 250 255
151 Segment_151 147 112 219 255
152 Segment_152 218 112 214 255
153 Segment_153 75 0 130 255
154 Segment_154 255 182 193 255
155 Segment_155 60 179 113 255
157 Segment_157 255 228 196 255
159 Segment_159 0 128 128 255
160 Segment_160 188 143 143 255
165 Segment_165 139 69 19 255
166 Segment_166 124 252 0 255
168 Segment_168 70 130 180 255
169 Segment_169 0 100 0 255
172 Segment_172 240 255 240 255
174 Segment_174 184 134 11 255
175 Segment_175 32 178 170 255
176 Segment_176 255 20 147 255
179 Segment_179 34 139 34 255
180 Segment_180 248 248 255 255
181 Segment_181 245 255 250 255
182 Segment_182 255 160 122 255
183 Segment_183 144 238 144 255
184 Segment_184 173 255 47 255
185 Segment_185 65 105 225 255
186 Segment_186 255 99 71 255
187 Segment_187 250 240 230 255
188 Segment_188 128 0 0 255
189 Segment_189 50 205 50 255
190 Segment_190 244 164 96 255
191 Segment_191 255 255 240 255
192 Segment_192 123 104 238 255
193 Segment_193 255 165 0 255
194 Segment_194 173 216 230 255
195 Segment_195 255 192 203 255
196 Segment_196 127 255 212 255
197 Segment_197 255 140 0 255
198 Segment_198 143 188 143 255
200 Segment_200 253 245 230 255
201 Segment_201 255 250 240 255
203 Segment_203 0 255 127 255
204 Segment_204 128 0 128 255
205 Segment_205 255 250 205 255
206 Segment_206 250 128 114 255
209 Segment_209 255 127 80 255
210 Segment_210 135 206 235 255
211 Segment_211 100 149 237 255
212 Segment_212 240 230 140 255
213 Segment_213 250 235 215 255
214 Segment_214 255 245 238 255
215 Segment_215 107 142 35 255
216 Segment_216 135 206 250 255
217 Segment_217 0 0 139 255
218 Segment_218 139 0 139 255
224 Segment_224 210 105 30 255
