
#No. Label Name:                            R   G   B   A

0   Clear_Label                             0   0   0   0
1   Label_1                                 255 0   0   1
2   Label_2                                 0   255 0   1
3   Label_3                                 0   0   255 1
4   Label_4                                 255 255 0   1
5   Label_5                                 0   255 255 1
6   Label_6                                 255 0   255 1
7   Label_7                                 255 239 213 1
8   Label_8                                 0   0   205 1
9   Label_9                                 205 133 63  1
10  Label_10                                210 180 140 1
11  Label_11                                102 205 170 1
13  Label_13                                0   139 139 1
14  Label_14                                46  139 87  1
15  Label_15                                255 228 225 1
16  Label_16                                106 90  205 1
17  Label_17                                221 160 221 1
18  Label_18                                233 150 122 1
19  Label_19                                165 42  42  1
20  Label_20                                255 250 250 1
21  Label_21                                147 112 219 1
23  Label_23                                75  0   130 1
24  Label_24                                255 182 193 1
25  Label_25                                60  179 113 1
26  Label_26                                255 235 205 1
27  Label_27                                255 228 196 1
28  Label_28                                218 165 32  1
29  Label_29                                0   128 128 1
30  Label_30                                188 143 143 1
31  Label_31                                255 105 180 1
32  Label_32                                255 218 185 1
33  Label_33                                222 184 135 1
34  Label_34                                127 255 0   1
35  Label_35                                139 69  19  1
37  Label_37                                255 255 224 1
38  Label_38                                70  130 180 1
39  Label_39                                0   100 0   1
41  Label_41                                238 232 170 1
42  Label_42                                240 255 240 1
43  Label_43                                245 222 179 1
44  Label_44                                184 134 11  1
45  Label_45                                32  178 170 1
46  Label_46                                255 20  147 1
47  Label_47                                25  25  112 1
48  Label_48                                112 128 144 1
49  Label_49                                34  139 34  1
50  Label_50                                248 248 255 1
51  Label_51                                245 255 250 1
52  Label_52                                255 160 122 1
53  Label_53                                144 238 144 1
54  Label_54                                173 255 47  1
55  Label_55                                65  105 225 1
56  Label_56                                255 99  71  1
57  Label_57                                250 240 230 1
58  Label_58                                128 0   0   1
59  Label_59                                50  205 50  1
60  Label_60                                244 164 96  1
61  Label_61                                255 255 240 1
62  Label_62                                123 104 238 1
63  Label_63                                255 165 0   1
64  Label_64                                173 216 230 1
65  Label_65                                255 192 203 1
66  Label_66                                127 255 212 1
67  Label_67                                255 140 0   1
68  Label_68                                143 188 143 1
69  Label_69                                220 20  60  1
70  Label_70                                253 245 230 1
71  Label_71                                255 250 240 1
72  Label_72                                0   206 209 1
73  Label_73                                0   255 127 1
74  Label_74                                128 0   128 1
75  Label_75                                255 250 205 1
76  Label_76                                250 128 114 1
77  Label_77                                148 0   211 1
78  Label_78                                178 34  34  1
79  Label_79                                255 127 80  1
80  Label_80                                135 206 235 1
81  Label_81                                100 149 237 1
82  Label_82                                240 230 140 1
83  Label_83                                250 235 215 1
84  Label_84                                255 245 238 1
85  Label_85                                107 142 35  1
86  Label_86                                135 206 250 1
87  Label_87                                0   0   139 1
88  Label_88                                139 0   139 1
89  Label_89                                245 245 220 1
90  Label_90                                186 85  211 1
91  Label_91                                255 228 181 1
92  Label_92                                255 222 173 1
93  Label_93                                0   191 255 1
94  Label_94                                210 105 30  1
95  Label_95                                255 248 220 1
96  Label_96                                47  79  79  1
97  Label_97                                72  61  139 1
98  Label_98                                175 238 238 1
99  Label_99                                128 128 0   1
100 Label_100                               176 224 230 1
101 Label_101                               255 240 245 1
102 Label_102                               139 0   0   1
103 Label_103                               240 255 255 1
104 Label_104                               255 215 0   1
106 Label_106                               119 136 153 1
107 Label_107                               219 112 147 1
108 Label_108                               72  209 204 1
109 Label_109                               255 0   255 1
110 Label_110                               199 21  133 1
111 Label_111                               154 205 50  1
112 Label_112                               189 183 107 1
113 Label_113                               240 248 255 1
114 Label_114                               230 230 250 1
115 Label_115                               0   250 154 1
116 Label_116                               85  107 47  1
117 Label_117                               64  224 208 1
118 Label_118                               153 50  204 1
119 Label_119                               205 92  92  1
120 Label_120                               250 250 210 1
121 Label_121                               95  158 160 1
122 Label_122                               0   128 0   1
123 Label_123                               255 69  0   1
124 Label_124                               224 255 255 1
125 Label_125                               176 196 222 1
126 Label_126                               138 43  226 1
127 Label_127                               30  144 255 1
128 Label_128                               240 128 128 1
129 Label_129                               152 251 152 1
130 Label_130                               160 82  45  1
131 Label_131                               255 0   0   1
132 Label_132                               0   255 0   1
133 Label_133                               0   0   255 1
134 Label_134                               255 255 0   1
135 Label_135                               0   255 255 1
136 Label_136                               255 0   255 1
137 Label_137                               255 239 213 1
138 Label_138                               0   0   205 1
139 Label_139                               205 133 63  1
140 Label_140                               210 180 140 1
141 Label_141                               102 205 170 1
142 Label_142                               0   0   128 1
143 Label_143                               0   139 139 1
144 Label_144                               46  139 87  1
145 Label_145                               255 228 225 1
146 Label_146                               106 90  205 1
147 Label_147                               221 160 221 1
148 Label_148                               233 150 122 1
149 Label_149                               165 42  42  1
150 Label_150                               255 250 250 1
151 Label_151                               147 112 219 1
152 Label_152                               218 112 214 1
153 Label_153                               75  0   130 1
154 Label_154                               255 182 193 1
155 Label_155                               60  179 113 1
157 Label_157                               255 228 196 1
159 Label_159                               0   128 128 1
160 Label_160                               188 143 143 1
165 Label_165                               139 69  19  1
166 Label_166                               124 252 0   1
168 Label_168                               70  130 180 1
169 Label_169                               0   100 0   1
172 Label_172                               240 255 240 1
174 Label_174                               184 134 11  1
175 Label_175                               32  178 170 1
176 Label_176                               255 20  147 1
179 Label_179                               34  139 34  1
180 Label_180                               248 248 255 1
181 Label_181                               245 255 250 1
182 Label_182                               255 160 122 1
183 Label_183                               144 238 144 1
184 Label_184                               173 255 47  1
185 Label_185                               65  105 225 1
186 Label_186                               255 99  71  1
187 Label_187                               250 240 230 1
188 Label_188                               128 0   0   1
189 Label_189                               50  205 50  1
190 Label_190                               244 164 96  1
191 Label_191                               255 255 240 1
192 Label_192                               123 104 238 1
193 Label_193                               255 165 0   1
194 Label_194                               173 216 230 1
195 Label_195                               255 192 203 1
196 Label_196                               127 255 212 1
197 Label_197                               255 140 0   1
198 Label_198                               143 188 143 1
200 Label_200                               253 245 230 1
201 Label_201                               255 250 240 1
203 Label_203                               0   255 127 1
204 Label_204                               128 0   128 1
205 Label_205                               255 250 205 1
206 Label_206                               250 128 114 1
209 Label_209                               255 127 80  1
210 Label_210                               135 206 235 1
211 Label_211                               100 149 237 1
212 Label_212                               240 230 140 1
213 Label_213                               250 235 215 1
214 Label_214                               255 245 238 1
215 Label_215                               107 142 35  1
216 Label_216                               135 206 250 1
217 Label_217                               0   0   139 1
218 Label_218                               139 0   139 1
222 Label_222                               255 222 173 1
223 Label_223                               0   191 255 1
224 Label_224                               210 105 30  1
225 Label_225                               255 248 220 1
232 Label_232                               139 0   0   1
300 Label_300                               238 130 238 1
301 Label_301                               238 232 170 1
303 Label_303                               245 222 179 1
305 Label_305                               32  178 170 1
306 Label_306                               255 20  147 1
308 Label_308                               112 128 144 1
309 Label_309                               34  139 34  1
312 Label_312                               255 160 122 1
313 Label_313                               144 238 144 1
314 Label_314                               173 255 47  1
315 Label_315                               65  105 225 1
316 Label_316                               255 99  71  1
318 Label_318                               128 0   0   1
321 Label_321                               255 255 240 1
322 Label_322                               123 104 238 1
323 Label_323                               255 165 0   1
325 Label_325                               255 192 203 1
326 Label_326                               127 255 212 1
327 Label_327                               255 140 0   1
328 Label_328                               143 188 143 1
329 Label_329                               220 20  60  1
330 Label_330                               253 245 230 1
332 Label_332                               0   206 209 1
333 Label_333                               0   255 127 1
335 Label_335                               255 250 205 1
336 Label_336                               250 128 114 1
337 Label_337                               148 0   211 1
339 Label_339                               255 127 80  1
341 Label_341                               100 149 237 1
342 Label_342                               240 230 140 1
343 Label_343                               250 235 215 1
344 Label_344                               255 245 238 1
345 Label_345                               107 142 35  1
347 Label_347                               0   0   139 1
348 Label_348                               139 0   139 1
349 Label_349                               245 245 220 1
350 Label_350                               186 85  211 1
351 Label_351                               255 228 181 1
353 Label_353                               0   191 255 1
354 Label_354                               210 105 30  1
355 Label_355                               255 248 220 1
357 Label_357                               72  61  139 1
358 Label_358                               175 238 238 1
359 Label_359                               128 128 0   1
360 Label_360                               176 224 230 1
361 Label_361                               255 240 245 1
362 Label_362                               139 0   0   1
363 Label_363                               240 255 255 1
364 Label_364                               255 215 0   1
365 Label_365                               216 191 216 1
366 Label_366                               119 136 153 1
367 Label_367                               219 112 147 1
368 Label_368                               72  209 204 1
369 Label_369                               255 0   255 1
370 Label_370                               199 21  133 1
371 Label_371                               154 205 50  1
372 Label_372                               189 183 107 1
373 Label_373                               240 248 255 1
374 Label_374                               230 230 250 1
375 Label_375                               0   250 154 1
376 Label_376                               85  107 47  1
377 Label_377                               64  224 208 1
378 Label_378                               153 50  204 1
379 Label_379                               205 92  92  1
380 Label_380                               250 250 210 1
382 Label_382                               0   128 0   1
383 Label_383                               255 69  0   1
384 Label_384                               224 255 255 1
385 Label_385                               176 196 222 1
387 Label_387                               30  144 255 1
388 Label_388                               240 128 128 1
389 Label_389                               152 251 152 1
390 Label_390                               160 82  45  1
391 Label_391                               255 0   0   1
392 Label_392                               0   255 0   1
393 Label_393                               0   0   255 1
394 Label_394                               255 255 0   1
395 Label_395                               0   255 255 1
396 Label_396                               255 0   255 1
397 Label_397                               255 239 213 1
398 Label_398                               0   0   205 1
399 Label_399                               205 133 63  1
400 Label_400                               210 180 140 1
401 Label_401                               102 205 170 1
404 Label_404                               46  139 87  1
405 Label_405                               255 228 225 1
406 Label_406                               106 90  205 1
407 Label_407                               221 160 221 1
408 Label_408                               233 150 122 1
409 Label_409                               165 42  42  1
410 Label_410                               255 250 250 1
411 Label_411                               147 112 219 1
412 Label_412                               218 112 214 1
413 Label_413                               75  0   130 1
414 Label_414                               255 182 193 1
415 Label_415                               60  179 113 1
417 Label_417                               255 228 196 1
418 Label_418                               218 165 32  1
419 Label_419                               0   128 128 1
420 Label_420                               188 143 143 1
421 Label_421                               255 105 180 1
422 Label_422                               255 218 185 1
423 Label_423                               222 184 135 1
424 Label_424                               127 255 0   1
425 Label_425                               139 69  19  1
426 Label_426                               124 252 0   1
427 Label_427                               255 255 224 1
428 Label_428                               70  130 180 1
429 Label_429                               0   100 0   1
430 Label_430                               238 130 238 1
431 Label_431                               238 232 170 1
432 Label_432                               240 255 240 1
433 Label_433                               245 222 179 1
434 Label_434                               184 134 11  1
435 Label_435                               32  178 170 1
438 Label_438                               112 128 144 1
439 Label_439                               34  139 34  1
440 Label_440                               248 248 255 1
441 Label_441                               245 255 250 1
442 Label_442                               255 160 122 1
443 Label_443                               144 238 144 1
444 Label_444                               173 255 47  1
446 Label_446                               255 99  71  1
447 Label_447                               250 240 230 1
448 Label_448                               128 0   0   1
449 Label_449                               50  205 50  1
450 Label_450                               244 164 96  1
451 Label_451                               255 255 240 1
452 Label_452                               123 104 238 1
453 Label_453                               255 165 0   1
457 Label_457                               255 140 0   1
458 Label_458                               143 188 143 1
463 Label_463                               0   255 127 1
464 Label_464                               128 0   128 1
467 Label_467                               148 0   211 1
470 Label_470                               135 206 235 1
472 Label_472                               240 230 140 1
482 Label_482                               255 222 173 1
483 Label_483                               0   191 255 1
484 Label_484                               210 105 30  1
485 Label_485                               255 248 220 1
486 Label_486                               47  79  79  1
491 Label_491                               255 240 245 1
508 Label_508                               153 50  204 1
516 Label_516                               138 43  226 1
522 Label_522                               0   255 0   1
